[0.00000000e+00 2.08941549e-02 2.08941549e-02 0.00000000e+00
 0.00000000e+00 2.08946541e-02 2.08946541e-02 0.00000000e+00
 3.73559218e-04 0.00000000e+00 0.00000000e+00 8.74832913e-05
 1.61491660e-03 0.00000000e+00 0.00000000e+00 3.79823847e-04
 4.32266258e-02 3.61890607e-02 1.29367318e-02 6.64369529e-03
 1.74329560e-02 2.38114223e-02 2.54697632e-02 2.04711556e-02
 8.51555821e-03 1.95978899e-02 2.49314252e-02 2.38578059e-02
 1.02689387e-02 1.39917359e-02 3.62730511e-02 4.28957343e-02
 3.99136841e-02 3.04327458e-02 1.10496273e-02 2.30462141e-02
 2.21291240e-02 1.99947692e-02 2.38228161e-02 3.79854292e-02
 3.09325941e-02 6.61175372e-03 1.19361151e-02 2.67865472e-02
 3.34449820e-02 3.55153903e-02 3.08094881e-02 1.65325440e-02
 8.41693673e-03 9.93348006e-03 7.90832192e-03 2.02409737e-02
 1.29962051e-02 1.29354885e-02 3.38893458e-02 4.08535376e-02
 3.82023938e-02 2.86790244e-02 3.49540007e-03 1.46650346e-02
 1.19723864e-02 1.04633551e-02 2.21511088e-02 2.75743082e-02
 1.53184012e-02 2.22346056e-02 4.60043736e-02 3.26127857e-02
 4.77032177e-03 2.03605043e-03 1.15978820e-02 1.69841647e-02
 2.80700587e-02 1.70417633e-02 1.40714543e-02 1.06832441e-02
 3.30224484e-02 1.54665206e-02 6.81051426e-03 3.23507152e-02
 3.95175926e-02 5.20530380e-02 5.10552451e-02 2.15701796e-02
 5.88402664e-03 1.33525003e-02 1.43985776e-02 4.38459441e-02
 3.73694487e-02 1.09929712e-02 2.10286044e-02 4.41637561e-02
 4.32842560e-02 2.93693747e-02 2.29637306e-02 3.60319391e-03
 7.09171174e-03 7.39136990e-03 3.50460783e-03 7.07685668e-03] &
[0.00000000e+00 2.08941549e-02 2.08941549e-02 0.00000000e+00
 0.00000000e+00 2.08946541e-02 2.08946541e-02 0.00000000e+00
 4.03343904e-04 0.00000000e+00 0.00000000e+00 9.34814962e-05
 1.73596223e-03 0.00000000e+00 0.00000000e+00 4.04565188e-04
 6.15935922e-02 5.10561503e-02 2.47170050e-02 7.04308739e-03
 2.63269190e-02 3.58638093e-02 3.95633578e-02 3.35136726e-02
 2.05480233e-02 2.08752900e-02 2.40628570e-02 3.55978049e-02
 2.10340898e-02 1.69056747e-02 4.31686603e-02 5.33405654e-02
 4.96393070e-02 3.65382209e-02 1.56201478e-02 3.29606235e-02
 3.29520404e-02 2.74378899e-02 2.26697046e-02 4.22520824e-02
 3.20330635e-02 6.07639225e-03 2.07567103e-02 3.39745581e-02
 4.17979918e-02 4.33858708e-02 3.62170711e-02 1.89604498e-02
 9.09172837e-03 1.23407105e-02 1.07862568e-02 2.38010753e-02
 1.12183783e-02 2.77037006e-02 5.31643853e-02 6.33026659e-02
 5.91872968e-02 4.54632975e-02 1.60597879e-02 1.61163062e-02
 2.02606302e-02 1.94230080e-02 2.79302541e-02 4.00832072e-02
 1.97382923e-03 5.26792929e-03 2.53260750e-02 1.92431193e-02
 5.73837664e-03 3.75193381e-03 1.06781283e-02 1.49403363e-02
 2.35570073e-02 1.65052451e-02 1.39119141e-02 1.15895662e-02
 2.71669533e-02 1.23840254e-02 2.92301481e-03 2.02629883e-02
 2.41471175e-02 3.03904880e-02 2.89304424e-02 3.70662403e-03
 1.47935972e-02 3.15515511e-02 2.70279329e-02 2.28377674e-02
 1.96465235e-02 6.43666554e-03 9.25387163e-03 2.93794125e-02
 2.94056349e-02 2.20836084e-02 1.80595927e-02 1.57858699e-03
 1.41505525e-02 8.18964560e-03 1.58692733e-03 2.79944111e-03] &
[0.00000000e+00 2.08941549e-02 2.08941549e-02 0.00000000e+00
 0.00000000e+00 2.08946541e-02 2.08946541e-02 0.00000000e+00
 1.70679748e-04 0.00000000e+00 0.00000000e+00 3.92789625e-05
 7.41813798e-04 0.00000000e+00 0.00000000e+00 1.71683612e-04
 4.52484153e-02 3.57249603e-02 1.30271269e-02 1.15619879e-02
 2.68627256e-02 3.52539867e-02 3.69248725e-02 2.95588728e-02
 1.30197480e-02 1.95312630e-02 2.50631385e-02 2.67161578e-02
 1.23317624e-02 2.08525304e-02 4.47175130e-02 5.42180762e-02
 5.10767736e-02 3.86913754e-02 1.28803495e-02 2.22504009e-02
 2.40859725e-02 2.03426369e-02 2.43192390e-02 4.37558927e-02
 3.49182747e-02 1.28289703e-02 1.30840717e-02 3.11965421e-02
 4.03970629e-02 4.34014536e-02 3.68932970e-02 2.13064644e-02
 1.12674562e-02 1.27814794e-02 1.03145186e-02 2.57746018e-02
 1.53694227e-02 1.69376656e-02 4.10621837e-02 5.09800911e-02
 4.86669876e-02 3.68962176e-02 1.23806270e-02 2.01820806e-02
 2.14337576e-02 1.76929682e-02 2.91912016e-02 3.19605209e-02
 1.33430725e-02 6.63292315e-03 2.84907557e-02 1.85160134e-02
 1.27564827e-02 1.20873619e-02 9.47701931e-03 1.32857161e-02
 2.79776473e-02 1.73135512e-02 9.54544358e-03 6.82072388e-03
 3.13340798e-02 1.05272532e-02 9.12833586e-03 1.80209335e-02
 2.45159175e-02 3.28766704e-02 3.16457823e-02 6.80014025e-03
 2.56000943e-02 3.87059040e-02 3.13705727e-02 2.32148450e-02
 1.71078760e-02 1.40984999e-02 6.23391615e-03 3.25885043e-02
 3.22066806e-02 2.30230391e-02 1.67431142e-02 6.61495980e-03
 1.45379249e-02 1.28989285e-02 7.62054650e-03 9.36351344e-03] &
[0.         0.02089415 0.02089415 0.         0.         0.02089465
 0.02089465 0.         0.00058703 0.         0.         0.00013746
 0.002489   0.         0.         0.00058675 0.10094555 0.09026347
 0.01577322 0.01633631 0.02581957 0.03637034 0.03910203 0.03747299
 0.02737544 0.01406538 0.019101   0.03371083 0.02660728 0.00867182
 0.05923255 0.06859927 0.06598923 0.04794948 0.03115703 0.04979197
 0.01921459 0.00750692 0.01971477 0.08740014 0.07615798 0.0015027
 0.03079395 0.02162933 0.0299363  0.03193973 0.02926927 0.01547885
 0.011073   0.02404092 0.0250098  0.02208486 0.01517253 0.02330476
 0.07284336 0.08227073 0.07954758 0.06121872 0.01591601 0.03364955
 0.00231876 0.0174928  0.02172828 0.03270533 0.01779247 0.01922108
 0.02395447 0.02811422 0.0288776  0.03092431 0.03131903 0.03263592
 0.05570188 0.12908623 0.03031727 0.03054965 0.03040658 0.02807432
 0.02451426 0.02315942 0.01958353 0.01884095 0.01634733 0.00995088
 0.00171079 0.01711044 0.01280958 0.01403237 0.01940898 0.02434964
 0.02716599 0.02815147 0.03122318 0.03156494 0.03188814 0.0219389
 0.02300832 0.03347698 0.0329836  0.03115071] &
[0.00000000e+00 2.08941549e-02 2.08941549e-02 0.00000000e+00
 0.00000000e+00 2.08946541e-02 2.08946541e-02 0.00000000e+00
 2.76820501e-04 0.00000000e+00 0.00000000e+00 6.46753469e-05
 1.19192793e-03 0.00000000e+00 0.00000000e+00 2.79112224e-04
 3.69437262e-02 2.96059363e-02 1.25490203e-02 8.87877773e-03
 1.94493383e-02 2.61068363e-02 2.70585306e-02 2.09620651e-02
 9.56852920e-03 2.05429383e-02 2.44497564e-02 2.68723927e-02
 1.30976150e-02 1.97996628e-02 3.99250463e-02 4.78614457e-02
 4.54793535e-02 3.54390070e-02 1.49148814e-02 1.63178667e-02
 1.76008176e-02 1.48547506e-02 2.31960416e-02 3.95740345e-02
 3.18814144e-02 1.20898066e-02 1.51934652e-02 3.07515915e-02
 3.81955393e-02 3.99073288e-02 3.40002403e-02 2.00504567e-02
 7.53550464e-03 8.20976682e-03 5.93658863e-03 2.18241829e-02
 1.41077228e-02 1.41826775e-02 3.20657939e-02 3.97595167e-02
 3.71344760e-02 2.70453468e-02 6.39472762e-03 2.06908956e-02
 2.21862514e-02 1.91676561e-02 2.44134441e-02 3.17046940e-02
 9.17471759e-03 6.28449814e-03 2.36575305e-02 1.58794969e-02
 9.97032318e-03 1.04676960e-02 1.09636057e-02 1.36761637e-02
 2.33035479e-02 1.47641934e-02 9.54977889e-03 7.05923978e-03
 2.74557546e-02 1.09307440e-02 5.59881516e-03 1.67983044e-02
 2.17618793e-02 2.96137370e-02 2.79078055e-02 4.32486506e-03
 1.88150462e-02 2.98501458e-02 2.24934947e-02 2.08924077e-02
 1.65116955e-02 8.71340651e-03 7.23690167e-03 2.86577232e-02
 2.89688706e-02 1.99909396e-02 1.50740212e-02 5.33591351e-03
 1.37978792e-02 9.29505471e-03 3.15312226e-03 8.41736700e-03] &
[0.         0.02089415 0.02089415 0.         0.         0.02089465
 0.02089465 0.         0.0014189  0.         0.         0.00033516
 0.00608258 0.         0.         0.00144336 0.04332637 0.03496817
 0.01395585 0.02161745 0.03146077 0.03528546 0.02943948 0.02005608
 0.00325848 0.02585779 0.03339231 0.02973283 0.01053248 0.02729492
 0.0442218  0.05018877 0.04587853 0.03603721 0.01796035 0.01217947
 0.01395292 0.02162775 0.03197958 0.05414675 0.04558406 0.02194667
 0.01717983 0.03241666 0.03831194 0.03662437 0.03038623 0.02220416
 0.02738792 0.03061318 0.02747031 0.0424433  0.0250043  0.01184691
 0.02658006 0.03232254 0.02811656 0.01866444 0.00924078 0.01849659
 0.01073072 0.00488951 0.04766452 0.03534076 0.1737845  0.1473186
 0.0095864  0.0557179  0.05431897 0.07518977 0.08788653 0.08211835
 0.0472804  0.01708745 0.03772152 0.03731394 0.0592812  0.0414535
 0.05993338 0.16544355 0.18979038 0.17603815 0.13288307 0.00779322
 0.06135202 0.05191706 0.06356255 0.22401378 0.19608161 0.05433105
 0.02506739 0.05234364 0.07714953 0.09159558 0.08624932 0.05355138
 0.03944664 0.05746623 0.05502015 0.07058462] &
[0.         0.02089415 0.02089415 0.         0.         0.02089465
 0.02089465 0.         0.00249477 0.         0.         0.0005804
 0.0106893  0.         0.         0.00249937 0.17292088 0.15217063
 0.00467364 0.06356568 0.06658155 0.08243869 0.08577409 0.07743202
 0.03612677 0.02968149 0.07624919 0.04668764 0.04311393 0.04651087
 0.13004333 0.14552315 0.13830674 0.10325637 0.04870003 0.06173613
 0.02980843 0.05971708 0.07652973 0.19245058 0.17234187 0.03190839
 0.04633409 0.04007398 0.06106358 0.06730721 0.06398014 0.05669798
 0.06382484 0.09034557 0.08601082 0.08151984 0.04912743 0.01877164
 0.11832743 0.13439554 0.12775844 0.09395573 0.07290024 0.08862872
 0.03143932 0.04120819 0.08258089 0.04485936 0.5542736  0.50548697
 0.0980859  0.07489765 0.13060276 0.1818905  0.2009154  0.20017223
 0.16121508 0.0771106  0.09685824 0.09523252 0.18960084 0.15906663
 0.02251911 0.25174102 0.28915972 0.26780537 0.17321718 0.23571348
 0.29580688 0.16252333 0.14114606 0.4146688  0.36474565 0.05097857
 0.20333263 0.08238653 0.11021687 0.12267975 0.11597125 0.06623012
 0.05899395 0.15515122 0.16054338 0.10101439] &
[0.         0.02089415 0.02089415 0.         0.         0.02089465
 0.02089465 0.         0.00337321 0.         0.         0.00078998
 0.01443472 0.         0.         0.00337878 0.15074591 0.12964258
 0.01727487 0.06960953 0.07211954 0.0851123  0.08668909 0.07709288
 0.0337323  0.02489986 0.06241382 0.03736477 0.03863765 0.06002017
 0.14022923 0.15678783 0.15151836 0.11930764 0.02306296 0.04943252
 0.02077034 0.04946991 0.06223444 0.19230288 0.17287993 0.04662782
 0.03294141 0.04417471 0.06406455 0.06914482 0.06663156 0.0640365
 0.07437686 0.09506183 0.08976746 0.08842386 0.05763345 0.01919296
 0.11021644 0.12734881 0.12289412 0.09256478 0.07019308 0.10566162
 0.06942635 0.06174096 0.0877734  0.03372303 0.7833636  0.7083407
 0.1571954  0.07302503 0.22020026 0.2945259  0.31453183 0.30410656
 0.22164628 0.10168801 0.12948057 0.13027324 0.24994749 0.22222245
 0.02680993 0.37587973 0.44309384 0.42245325 0.28874004 0.27768314
 0.43735665 0.24870934 0.17257372 0.56590104 0.4898785  0.06788995
 0.26208958 0.1196769  0.1748104  0.19081147 0.1761011  0.08428626
 0.08515329 0.20660897 0.21618502 0.12609783] &
[0.00000000e+00 2.08941549e-02 2.08941549e-02 0.00000000e+00
 0.00000000e+00 2.08946541e-02 2.08946541e-02 0.00000000e+00
 3.85106308e-04 0.00000000e+00 0.00000000e+00 8.97976934e-05
 1.65882078e-03 0.00000000e+00 0.00000000e+00 3.88253044e-04
 5.79214729e-02 4.91862707e-02 1.12140020e-02 1.39109083e-02
 1.72100924e-02 2.52109133e-02 2.80596111e-02 2.37785392e-02
 1.02459472e-02 2.17765346e-02 3.09647731e-02 2.42203400e-02
 1.00311115e-02 1.64002068e-02 5.04374765e-02 5.82776293e-02
 5.48185147e-02 4.20945026e-02 1.17357634e-02 2.61617545e-02
 1.59169324e-02 1.00386897e-02 3.02419588e-02 5.95846698e-02
 5.08099943e-02 9.10678040e-03 1.16247209e-02 2.98438966e-02
 3.81675027e-02 4.11575474e-02 3.69687229e-02 1.96146127e-02
 8.82862322e-03 1.37744406e-02 1.23125883e-02 2.25141197e-02
 1.82957426e-02 1.20624555e-02 4.27326076e-02 5.07784188e-02
 4.75167558e-02 3.48118171e-02 8.17296654e-03 2.55210269e-02
 1.34156393e-02 9.49314144e-03 2.31046844e-02 2.73282304e-02
 7.95353670e-03 1.67135410e-02 5.01125008e-02 3.46904397e-02
 1.12711461e-02 9.58358403e-03 6.63190335e-03 1.36611816e-02
 3.11932042e-02 1.76177081e-02 1.90079790e-02 1.64987948e-02
 3.52692790e-02 1.19329356e-02 9.31687467e-03 3.29795368e-02
 4.21821475e-02 5.44886217e-02 5.38829826e-02 1.52633330e-02
 1.03771379e-02 2.95024179e-02 2.17009597e-02 4.67681512e-02
 3.79761830e-02 9.38676484e-03 1.62482709e-02 4.66907658e-02
 4.50173393e-02 3.14278826e-02 2.32707206e-02 1.08942641e-02
 4.07780288e-03 1.28494818e-02 9.21907742e-03 1.40376184e-02] &
